20
ISaKNV    0.0000000000 1.4137883712 1.4124126250 1.4125680319 1.4132167918 1.4125022329 1.4083209510 1.4128526018 1.4138221760 1.4131102003 1.4131280002 1.4138127300 1.4133737577 1.4128526018 1.4133315238 1.4131134217 1.4125776794 1.4133783041 1.4134243551 1.4136691700
MdBV      1.4137883712 0.0000000000 1.4136122769 1.4137193371 1.4138589620 1.4135673188 1.4138112130 1.4138415160 1.4140734665 1.4138359178 1.4137940195 1.4138701317 1.4139297186 1.4138415160 1.4135833652 1.4138183312 1.4136796540 1.4139687915 1.4138306785 1.4139530758
MYXV      1.4124126250 1.4136122769 0.0000000000 1.3004703690 1.4131283008 1.4122407339 1.4129155953 1.3787104936 1.4138050763 1.4124654783 1.4124073417 1.4136717240 1.4130859564 1.3787104936 1.4109452540 1.4129607816 1.4127541413 1.4131509086 1.4133023711 1.4132017101
LSDV      1.4125680319 1.4137193371 1.3004703690 0.0000000000 1.4132603554 1.4114411684 1.4126153643 1.3796886966 1.4136477551 1.4123272679 1.4123258508 1.4136824007 1.4132545538 1.3796886966 1.4096648159 1.4131532255 1.4131068182 1.4130953302 1.4129940850 1.4128348627
OpMNPV    1.4132167918 1.4138589620 1.4131283008 1.4132603554 0.0000000000 1.4130133771 1.4131548725 1.4125106698 1.4139705226 1.3944307139 1.3940350154 1.4137645119 1.4129916181 1.4125106698 1.4128020540 1.4127774847 1.4129276562 1.4132678708 1.4121500358 1.4119942882
IIV_6     1.4125022329 1.4135673188 1.4122407339 1.4114411684 1.4130133771 0.0000000000 1.4104807012 1.4128845459 1.4137975075 1.4125743239 1.4124933225 1.4136725486 1.4126947296 1.4128845459 1.4109014796 1.4125948559 1.4128432964 1.4130529232 1.4129028330 1.4129035320
LCDV_1    1.4083209510 1.4138112130 1.4129155953 1.4126153643 1.4131548725 1.4104807012 0.0000000000 1.4131510111 1.4137891035 1.4130146696 1.4130450353 1.4136655667 1.4132466862 1.4131510111 1.4121826536 1.4131674135 1.4131535293 1.4134214893 1.4133713320 1.4131775667
MOCV      1.4128526018 1.4138415160 1.3787104936 1.3796886966 1.4125106698 1.4128845459 1.4131510111 0.0000000000 1.4134800433 1.4130361202 1.4131957684 1.4131215209 1.4128760908 0.0000000149 1.4127807762 1.4120313669 1.4116887776 1.4130354976 1.4134499550 1.4134279468
OAdV_A    1.4138221760 1.4140734665 1.4138050763 1.4136477551 1.4139705226 1.4137975075 1.4137891035 1.4134800433 0.0000000000 1.4137178988 1.4137492154 1.3793132662 1.4138520717 1.4134800433 1.4135927077 1.4134397447 1.4138383821 1.4137874813 1.4138287111 1.4136661830
MacoNPV_A 1.4131102003 1.4138359178 1.4124654783 1.4123272679 1.3944307139 1.4125743239 1.4130146696 1.4130361202 1.4137178988 0.0000000000 0.8864829287 1.4136681510 1.4129828078 1.4130361202 1.4119822127 1.4128766912 1.4127539959 1.4132249708 1.4119998963 1.4117194642
MacoNPV_B 1.4131280002 1.4137940195 1.4124073417 1.4123258508 1.3940350154 1.4124933225 1.4130450353 1.4131957684 1.4137492154 0.8864829287 0.0000000000 1.4138152921 1.4129955834 1.4131957684 1.4121036004 1.4129700266 1.4129810714 1.4133615145 1.4121114058 1.4117298542
MAdV_A    1.4138127300 1.4138701317 1.4136717240 1.4136824007 1.4137645119 1.4136725486 1.4136655667 1.4131215209 1.3793132662 1.4136681510 1.4138152921 0.0000000000 1.4138231181 1.4131215209 1.4138375192 1.4133396871 1.4135182213 1.4138983035 1.4138985146 1.4139737821
MeHV_1    1.4133737577 1.4139297186 1.4130859564 1.4132545538 1.4129916181 1.4126947296 1.4132466862 1.4128760908 1.4138520717 1.4129828078 1.4129955834 1.4138231181 0.0000000000 1.4128760908 1.4130298413 1.4124054612 1.4120745603 1.4120030942 1.4134692544 1.4136647434
MOCV      1.4128526018 1.4138415160 1.3787104936 1.3796886966 1.4125106698 1.4128845459 1.4131510111 0.0000000149 1.4134800433 1.4130361202 1.4131957684 1.4131215209 1.4128760908 0.0000000000 1.4127807762 1.4120313669 1.4116887776 1.4130354976 1.4134499550 1.4134279468
MSEV      1.4133315238 1.4135833652 1.4109452540 1.4096648159 1.4128020540 1.4109014796 1.4121826536 1.4127807762 1.4135927077 1.4119822127 1.4121036004 1.4138375192 1.4130298413 1.4127807762 0.0000000000 1.4131777397 1.4130877507 1.4130287592 1.4124268180 1.4123410003
MuHV_1    1.4131134217 1.4138183312 1.4129607816 1.4131532255 1.4127774847 1.4125948559 1.4131674135 1.4120313669 1.4134397447 1.4128766912 1.4129700266 1.4133396871 1.4124054612 1.4120313669 1.4131777397 0.0000000000 1.3770336386 1.4118569393 1.4133274028 1.4133786932
MuHV_2    1.4125776794 1.4136796540 1.4127541413 1.4131068182 1.4129276562 1.4128432964 1.4131535293 1.4116887776 1.4138383821 1.4127539959 1.4129810714 1.4135182213 1.4120745603 1.4116887776 1.4130877507 1.3770336386 0.0000000000 1.4118289680 1.4130044429 1.4133810193
MuHV_4    1.4133783041 1.4139687915 1.4131509086 1.4130953302 1.4132678708 1.4130529232 1.4134214893 1.4130354976 1.4137874813 1.4132249708 1.4133615145 1.4138983035 1.4120030942 1.4130354976 1.4130287592 1.4118569393 1.4118289680 0.0000000000 1.4136369314 1.4136025559
NeleNPV   1.4134243551 1.4138306785 1.4133023711 1.4129940850 1.4121500358 1.4129028330 1.4133713320 1.4134499550 1.4138287111 1.4119998963 1.4121114058 1.4138985146 1.4134692544 1.4134499550 1.4124268180 1.4133274028 1.4130044429 1.4136369314 0.0000000000 1.3508055744
NeseNPV   1.4136691700 1.4139530758 1.4132017101 1.4128348627 1.4119942882 1.4129035320 1.4131775667 1.4134279468 1.4136661830 1.4117194642 1.4117298542 1.4139737821 1.4136647434 1.4134279468 1.4123410003 1.4133786932 1.4133810193 1.4136025559 1.3508055744 0.0000000000
